1 659 ts 0 44.79287 19.249413
1 660 djuro 2 44.792688	19.249684
1 660 pero 2 44.7924 19.249927
1 661 niko 0 44.792388 19.249742
1 662 petar 1 44.792127	19.249964
1 663 marko 2 44.791956	19.250135
1 663 djoko 1 44.791956	19.250135
2 661 niko 0 44.792211 19.250576
2 664 niko 0 44.792023 19.250803
2 665 dejan 3 44.79188 19.250954
2 665 rajko 1 44.79188 19.250954
2 666 petar 1 44.791998	19.251184
2 666 senad 1 44.79249 19.249927
3 664 niko 0 44.792683 19.250291
3 667 niko 0 44.792845 19.250592
3 668 asdf 1 44.793022 19.250964
3 669 asdfd 2 44.792873	19.249413